# Created by Octave 3.2.3, Mon Mar 26 18:08:22 2012 EEST <chung@camel>
# name: y
# type: matrix
# rows: 1
# columns: 500
 0 0.000199461067820696 0.0007924795583022217 0.001771011270467436 0.003127018327408691 0.004852472246627311 0.0069393569457205 0.009379671683503366 0.01216543393667771 0.01528868221218262 0.0187414787953848 0.02251591243428898 0.02660410095997049 0.03099819384345372 0.03569037468928052 0.0406728636660335 0.04593791987409862 0.05147784365097077 0.05728497881442511 0.06335171484389504 0.06967048900041539 0.07623378838550704 0.08303415193939566 0.09006417237897389 0.09731649807593175 0.1047838348754959 0.1124589478562326 0.1203346630313849 0.1284038689922261 0.1366595184939279 0.1450946299844532 0.1537022890769945 0.1624756499664951 0.1714079367907965 0.1804924449369724 0.1897225422934147 0.1990916704482522 0.2085933458346884 0.2182211608238581 0.227968784765808 0.2378299649792172 0.2477985276904817 0.257868378922793 0.2680335053358503 0.2782879750168522 0.2886259382234185 0.2990416280791028 0.3095293612221574 0.3200835384082223 0.3306986450676116 0.3413692518178764 0.3520900149323289 0.3628556767652142 0.3736610661342209 0.3845010986610254 0.3953707770705669 0.4062651914497521 0.4171795194662939 0.428109026548385 0.4390490660259145 0.4499950792339336 0.4609425955790772 0.4718872325696524 0.4828246958100997 0.4937507789605387 0.5046613636621055 0.515552419428791 0.5264200035064877 0.5372602606999499 0.5480694231683767 0.5588438101903169 0.5695798278986015 0.5802739689860019 0.5909228123823129 0.6015230229035544 0.612071350873986 0.6225646317216234 0.6329997855479427 0.6433738166724571 0.6536838131528443 0.6639269462813014 0.6741004700577988 0.6842017206409008 0.6942281157768164 0.70417715420734 0.7140464150573343 0.7238335572024076 0.733536318617427 0.7431525157065085 0.7526800426151184 0.7621168705249121 0.7714610469319352 0.780710694908804 0.7898640123514749 0.7989192712112096 0.8078748167123351 0.8167290665563893 0.8254805101132425 0.834127707599771 0.8426692892466581 0.8511039544538903 0.8594304709355065 0.8676476738541551 0.8757544649460048 0.8837498116365486 0.8916327461478329 0.899402364597637 0.9070578260911208 0.9145983518054519 0.9220232240679138 0.9293317854279931 0.9365234377239324 0.9435976411442307 0.9505539132845643 0.9573918282005948 0.9641110154571209 0.9707111591740264 0.9771919970694658 0.9835533195007237 0.9897949685031744 0.9959168368277636 1.001918866977421 1.007801050242813 1.013563425737823 1.019206079435162 1.024729143202477 1.030132793839337 1.035417252115463 1.040582781810554 1.04562968875607 1.050558319879297 1.055369062250048 1.060062342130314 1.064638624027184 1.06909840974936 1.073442237467549 1.077670680779045 1.081784347776787 1.085783880123172 1.08966995212889 1.093443269837061 1.097104570112931 1.100654619739361 1.104094214518382 1.107424178379024 1.110645362491676 1.113758644389175 1.116764927094861 1.11966513825779 1.122460229295319 1.12515117454325 1.127738970413723 1.13022463456104 1.132609205055596 1.134893739566079 1.137079314550104 1.139167024453438 1.141157980917959 1.143053311998489 1.144854161388648 1.146561687655841 1.148177063485513 1.14970147493479 1.151136120695602 1.152482211367412 1.153740968739633 1.154913625083837 1.156001422455841 1.157005612007744 1.157927453310002 1.158768213683604 1.15952916754242 1.160211595745769 1.160816784961282 1.161346027038085 1.161800618390364 1.162181859391346 1.162491053777729 1.162729508064587 1.162898530970788 1.162999432854924 1.163033525161795 1.163002119879425 1.162906529006656 1.162748064031281 1.162528035418751 1.162247752111421 1.161908521038342 1.16151164663558 1.161058430377043 1.16055017031579 1.159988160635808 1.159373691214215 1.158708047193864 1.157992508566308 1.157228349765089 1.156416839269301 1.155559239217398 1.154656805031167 1.153710785049851 1.152722420174334 1.15169294352135 1.150623580087644 1.149515546424026 1.148370050319251 1.147188290493651 1.145971456302459 1.144720727448732 1.143437273705818 1.142122254649269 1.140776819398131 1.139402106365528 1.137999243018443 1.136569345646625 1.135113519140522 1.13363285677815 1.132128440020811 1.130601338317562 1.129052608918335 1.127483296695626 1.125894433974627 1.124287040371731 1.122662122641289 1.121020674530519 1.119363676642467 1.117692096306917 1.116006887459132 1.114308990526332 1.112599332321794 1.110878825946465 1.109148370697978 1.107408851986966 1.105661141260552 1.10390609593291 1.102144559322789 1.100377360597872 1.098605314725871 1.096829222432237 1.095049870164373 1.093268030062227 1.09148445993517 1.089699903245015 1.087915089095092 1.086130732225238 1.0843475330126 1.082566177478139 1.080787337298703 1.079011669824569 1.077239818102332 1.075472410903031 1.073710062755383 1.071953373984032 1.070202930752677 1.06845930511198 1.066723055052135 1.064994724559978 1.063274843680542 1.061563928582924 1.059862481630367 1.058170991454443 1.056489933033214 1.054819767773286 1.053160943595614 1.051513895024983 1.049879043283024 1.048256796384687 1.046647549238044 1.045051683747321 1.043469568919064 1.041901560971321 1.04034800344574 1.03880922732249 1.037285551137892 1.035777281104665 1.034284711234681 1.032808123464147 1.03134778778109 1.029903962355078 1.028476893669051 1.027066816653198 1.025673954820759 1.024298520405677 1.022940714502006 1.021600727204977 1.020278737753641 1.018974914674999 1.017689415929529 1.016422389058028 1.015173971329685 1.013944289891298 1.012733461917553 1.011541594762293 1.010368786110684 1.00921512413221 1.00808068763441 1.006965546217298 1.005869760428366 1.004793381918125 1.003736453596087 1.002699009787131 1.001681076388182 1.000682671025126 0.9997038032099128 0.9987444744977502 0.9978046786443582 0.9968844017631965 0.9959836224826129 0.9951023121028496 0.9942404347528487 0.9933979475467968 0.9925748007403532 0.9917709378865057 0.9909862959909986 0.99022080566728 0.9894743912909164 0.9887469711534246 0.9880384576154689 0.9873487572593788 0.9866777710409357 0.9860253944403876 0.985391517612643 0.9847760255366027 0.9841787981635867 0.983599710564815 0.983038633077903 0.9824954314523319 0.9819699669938575 0.9814620967078204 0.9809716734413223 0.9804985460242358 0.9800425594090127 0.9796035548092605 0.9791813698370557 0.9787758386389651 0.9783867920307459 0.9780140576306976 0.9776574599916397 0.9773168207314892 0.9769919586624148 0.9766826899185437 0.9763888280821995 0.9761101843086504 0.9758465674493468 0.9755977841736302 0.9753636390888945 0.9751439348591834 0.9749384723222072 0.9747470506047643 0.9745694672365526 0.9744055182623579 0.974254998352607 0.9741177009122737 0.973993418188127 0.9738819413743122 0.9737830607162553 0.973696565612884 0.9736222447171555 0.9735598860348885 0.9735092770218895 0.9734702046793723 0.9734424556476643 0.9734258162981972 0.9734200728237797 0.9734250113271496 0.9734404179078058 0.9734660787471173 0.973501780191713 0.9735473088351488 0.973602451597859 0.9736669958053887 0.9737407292649154 0.973823440340059 0.9739149180239873 0.9740149520108207 0.9741233327653406 0.9742398515910096 0.974364300696308 0.974496473259394 0.9746361634910964 0.9747831666962458 0.9749372793333549 0.9750982990726558 0.9752660248525032 0.9754402569341558 0.9756207969549435 0.9758074479798334 0.9760000145514046 0.9761983027382445 0.9764021201817776 0.9766112761415402 0.9768255815389134 0.9770448489993275 0.9772688928929518 0.9774975293738832 0.9777305764178481 0.9779678538584318 0.9782091834218505 0.9784543887602812 0.9787032954837644 0.9789557311906949 0.9792115254969177 0.9794705100634444 0.9797325186228065 0.9799973870040618 0.9802649531564718 0.9805350571718657 0.9808075413057095 0.981082249996896 0.9813590298862745 0.9816377298339379 0.981918200935283 0.9822002965358652 0.982483872245062 0.982768785948567 0.9830548978197301 0.983342070329763 0.9836301682568287 0.9839190586940343 0.9842086110563433 0.9844986970864289 0.9847891908594851 0.9850799687870149 0.9853709096196144 0.9856618944487722 0.9859528067077018 0.9862435321712267 